419880257
840490841
572231280
582005690
552023368
823361522
905169546
820530442
444164495
784483752
824948285
429635394
830421350
402721906
819396284
512085390
344159447
447748286
384694279
389300575
927901587
850680877
392004792
801874793
421043589
514246669
520410101
323517441
022972222
023370102
562118646
504443888
811157916
488237140
337633861
438605404
393150552
447949850
827895558
838498475
921500526
303004337
901601583
418737276
390340842
512311556
922285838
922059431
900924234
429307234
819393380
913078010
433248192
421189291
319012324
378595391
538952524
338811532
324317692
423039452
920252095
439765017
338569239
893675264
434220406
572058972
327192902
022980222
380197624
017543561
442238358
421166406
423591833
433971504
428425045
445098767
913884995
851588632
304293491
442742599
411804537
022933328
820075554
811455229
898629191
919195362
383415916
489320929
981950959
533363826
381054899
331076265
928927136
441574787
805258225
331691709
345247225
395212293
433022522
722052057
338861610
345264691
592036933
449446236
333295939
790159461
518905617
808388631
928617323
323306613
382615961
420455891
793195629
392805305
893530261
844465914
321471203
392085791
424547461
531238731
434814000
438418568
424469435
423148527
320797913
323857185
838715100
843637000
305060725
422900019
399476290
822412698
022931366
444713218
732072830
821192069
438470445
487485922
399228055
334806163
582098026
881155907
662004100
320346554
878116169
340846955
833879430
490597192
672034725
841132418
022955232
824655799
481378008
448383869
432028942
423463892
421317645
582082756
803406750
482873775
429664865
572221174
882038755
813469053
414153197
334592946
794301440
402898035
399183664
410140784
340595503
901719260
809415169
955515895
344940762
423419191
422722736
348828419
319051397
815148457
310281480
662028034
980891261
818980906
480928373
022960707
383960507
335356887
029951525
530088533
311833529
384999249
515015428
831541537
352981617
904169869
349970541
405100215
348865650
530468982
531454122
890487531
403190010
442123493
316098789
023002965
533357208
830377479
889237079
897723235
421279886
484719778
342902228
409802881
692019722
325464865
342195864
398998427
682009121
449669407
380193425
752186718
343422622
878747195
821123650
478216450
517614384
848098190
308622455
029245326
444024590
662056050
351797394
898652292
410127385
832210892
533380788
844893461
322347394
879646388
432692895
410127435
784483018
341282788
494309115
023000958
391463528
401735808
824297659
329596522
918726704
494468762
398344663
419523618
013026138
510869399
807940515
793603069
484329735
830503751
841887888
881289219
442889937
572037190
803265438
019658559
434975066
339691156
887712438
388190407
404688772
843583204
351827480
909926693
343672374
327562062
914216767
881950232
424511327
410413413
880525704
524541018
753563964
342379161
421376419
353538499
562129635
917484818
893656371
732005285
622008241
933337917
385089727
402971279
332110907
423834126
883636375
716020128
832416101
780235578
411599590
402252449
423793256
423684240
522677145
418231668
421438516
449572254
349106096
352257281
830766903
392933511
813711405
511428310
835279415
448113696
449206341
499517704
702052994
825103377
353756729
831586714
338110588
921248134
504575457
325314623
438742207
552010258
592057970
477974901
439120288
493038194
838195014
423792134
428425532
884323791
421028119
422325530
432026375
879428654
834018988
929119857
437952096
342313210
305190431
306387937
852104595
828007302
810333476
500631395
481512556
498357359
311296255
422556597
391079373
422028571
423419225
552071862
702046798
907608103
482727963
502036874
339884116
328648142
492888342
488557992
492203955
397718743
492558093
402562920
752042432
811965052
542073465
429039787
444506554
320290281
484374822
320758832
582043956
313335713
432485639
021511428
328116991
344274303
022929618
481881209
514181122
319627527
450997788
415060516
802008011
477598114
849401419
480568906
792575672
328063847
821777281
879967784
428993083
753829902
894774710
394972491
750927881
832618649
441615861
899446033
385265673
338354426
632009031
838553980
378816946
337903165
402213896
895303071
572165777
440401420
377919089
338746084
542076799
438798944
419456801
497835793
431988740
333170512
531262186
347725723
018805143
538177916
909965790
480003581
520579830
391665239
805342037
902733120
809038185
509564225
821798949
562094516
833348568
832336796
382085389
022977030
802288365
451322937
320517386
423871128
848665592
853757292
339494056
417671708
339816696
418490033
022969637
578202392
914020961
822513255
303733901
622022754
017012215
899605539
491805156
977909639
334849981
538810896
520470238
405188426
911943660
914472063
821719358
403218787
478217060
039211321
910159664
490682564
332021732
383748209
424617637
429334717
402801088
518362959
392642450
404123051
423793116
438209884
528954860
484209812
429365018
329369441
413012907
